254.14213562373095
254.14213562373095
254.14213562373095
254.14213562373095
254.14213562373095
254.14213562373095
254.14213562373095
254.14213562373095
254.14213562373095
254.14213562373095
254.14213562373095
254.14213562373095
254.14213562373095
254.14213562373095
254.14213562373095
254.14213562373095
254.14213562373095
254.14213562373095
262.42640687119285
254.14213562373095
254.14213562373095
254.14213562373095
254.14213562373095
254.14213562373095
254.14213562373095
254.14213562373095
254.14213562373095
254.14213562373095
254.14213562373095
254.14213562373095
254.14213562373095
254.14213562373095
254.14213562373095
254.14213562373095
254.14213562373095
254.14213562373095
254.14213562373095
254.14213562373095
254.14213562373095
254.14213562373095
254.14213562373095
254.14213562373095
254.14213562373095
254.14213562373095
254.14213562373095
254.14213562373095
254.14213562373095
254.14213562373095
254.14213562373095
254.14213562373095
254.14213562373095
254.14213562373095
254.14213562373095
254.14213562373095
254.14213562373095
254.14213562373095
254.14213562373095
254.14213562373095
254.14213562373095
254.14213562373095
254.14213562373095
254.14213562373095
254.14213562373095
254.14213562373095
254.14213562373095
254.14213562373095
254.14213562373095
254.14213562373095
254.14213562373095
254.14213562373095
254.14213562373095
254.14213562373095
254.14213562373095
254.14213562373095
254.14213562373095
254.14213562373095
254.14213562373095
254.14213562373095
254.14213562373095
254.14213562373095
254.14213562373095
254.14213562373095
254.14213562373095
254.14213562373095
254.14213562373095
254.14213562373095
254.14213562373095
254.14213562373095
254.14213562373095
254.14213562373095
254.14213562373095
254.14213562373095
254.14213562373095
254.14213562373095
254.14213562373095
254.14213562373095
254.14213562373095
262.42640687119285
254.14213562373095
254.14213562373095
