424.69177537685425
424.69177537685425
424.69177537685425
424.69177537685425
442.34609850681375
424.69177537685425
424.69177537685425
423.74056313320295
423.74056313320284
424.69177537685425
423.74056313320284
423.740563133203
424.69177537685425
425.2667063882798
425.2667063882798
424.69177537685425
424.69177537685425
438.3820551735739
424.69177537685425
424.69177537685425
424.69177537685425
424.69177537685425
442.98003427980893
424.69177537685425
424.57301081499486
424.69177537685425
423.7405631332029
424.69177537685425
438.3820551735739
442.98003427980893
423.74056313320295
424.69177537685425
423.7405631332029
438.3820551735739
424.69177537685425
425.2667063882798
424.69177537685425
423.74056313320284
423.74056313320295
425.2667063882798
423.740563133203
424.69177537685425
424.69177537685425
423.74056313320295
423.74056313320295
425.10442722142415
423.74056313320295
424.69177537685425
424.69177537685425
423.74056313320295
425.2667063882798
425.47518501917864
423.74056313320295
424.69177537685425
423.74056313320295
442.49039240628053
424.69177537685425
424.69177537685425
429.380298012607
423.7405631332029
423.7405631332029
424.69177537685425
442.98003427980893
424.69177537685425
438.3820551735739
438.3820551735739
438.3820551735739
425.2667063882798
424.69177537685425
424.69177537685425
424.69177537685425
423.7405631332029
424.69177537685425
423.7405631332029
424.69177537685425
423.74056313320295
423.74056313320295
438.3820551735739
424.69177537685425
423.74056313320284
438.3820551735739
445.9713862943811
423.74056313320295
424.69177537685425
434.55834893334765
424.69177537685425
442.34609850681375
450.3743290547746
423.7405631332029
423.74056313320295
423.7405631332029
424.69177537685425
423.74056313320295
423.740563133203
442.98003427980893
423.7405631332029
424.69177537685425
424.69177537685425
424.69177537685425
424.69177537685425
