436.78817114919565
435.2618080118385
437.797283944699
444.0242527410201
439.1790217221644
439.32823746552594
447.13278433945095
439.44406102542473
444.95075193974293
445.724172896143
430.244021857754
438.4032814597904
435.9469478912267
443.416098923891
445.0704491919304
442.86154005576617
440.4260665264904
443.1890099962856
439.63128452877595
441.5916784096906
445.4592318157533
440.73999011287253
440.5921553440605
437.34178051656096
442.7913272275075
441.3668645654381
437.80933229540545
441.3177376723923
437.88714957259015
445.3913610310682
442.1063662556815
441.12316886482233
442.10636625568156
443.2713166103132
444.43743622861115
452.06139485274605
436.32211809173856
440.8429883390986
442.3728259739644
435.1495635090432
439.5262929930173
446.79637546466205
442.8494534102568
435.2505390306241
439.0419925879937
433.93458512715114
449.40928780964794
440.3705602241476
442.50684986578653
440.0047735260772
439.2397678892741
440.9698562005029
435.9187182148248
432.1621677242219
440.18394929535305
441.80601422334973
439.43128835833886
443.0106681904132
439.6312845287759
449.94126222567
442.4033787609194
437.59730213041945
434.448435869452
442.1905624098363
452.015350580486
444.4410741745413
435.16100750362506
438.99693669167914
441.69488367309276
435.6599811576139
442.15251863855684
439.54818212894725
437.90659733639995
442.69207624875935
442.76427481207855
437.79728394469896
443.1546192607304
438.7390678979165
437.6602548105282
443.8678146253382
441.55440965967756
440.51940885663487
444.81473765820266
445.4622868885394
443.45654122850664
441.44963740729264
438.61099528614
439.6656561453376
443.4546643971479
440.0580372024671
432.5837571374977
439.22075324993347
439.0068383385158
440.18473859198076
438.65196352186535
430.6012716751069
432.57451186609626
439.9665712314287
446.25413440475387
442.0169722812922
